0 00 30
0 01 15
0 02 5
0 03 5
0 04 5
0 05 5
0 06 10
0 07 15
0 08 20
0 09 30
0 10 40
0 11 50
0 12 30
0 13 40
0 14 40
0 15 40
0 16 30
0 17 20
0 18 20
0 19 10
0 20 10
0 21 10
0 22 10
0 23 5
1 00 5
1 01 5
1 02 5
1 03 5
1 04 10
1 05 10
1 06 15
1 07 20
1 08 25
1 09 30
1 10 30
1 11 25
1 12 15
1 13 25
1 14 20
1 15 25
1 16 20
1 17 20
1 18 20
1 19 20
1 20 15
1 21 15
1 22 15
1 23 10
2 00 10
2 01 5
2 02 10
2 03 10
2 04 10
2 05 15
2 06 20
2 07 30
2 08 40
2 09 60
2 10 70
2 11 70
2 12 60
2 13 70
2 14 75
2 15 70
2 16 60
2 17 40
2 18 35
2 19 35
2 20 30
2 21 25
2 22 25
2 23 15
3 00 5
3 01 5
3 02 5
3 03 5
3 04 10
3 05 10
3 06 15
3 07 20
3 08 25
3 09 30
3 10 30
3 11 25
3 12 15
3 13 25
3 14 20
3 15 25
3 16 20
3 17 20
3 18 20
3 19 20
3 20 15
3 21 15
3 22 15
3 23 10
4 00 5
4 01 5
4 02 5
4 03 5
4 04 10
4 05 10
4 06 15
4 07 20
4 08 25
4 09 30
4 10 30
4 11 25
4 12 15
4 13 25
4 14 20
4 15 25
4 16 20
4 17 40
4 18 60
4 19 65
4 20 85
4 21 100
4 22 110
4 23 95
5 00 65
5 01 45
5 02 10
5 03 10
5 04 10
5 05 15
5 06 20
5 07 30
5 08 40
5 09 60
5 10 70
5 11 70
5 12 60
5 13 70
5 14 75
5 15 70
5 16 60
5 17 40
5 18 65
5 19 85
5 20 100
5 21 110
5 22 90
5 23 75
6 00 60
6 01 35
6 02 10
6 03 10
6 04 10
6 05 15
6 06 20
6 07 30
6 08 40
6 09 60
6 10 70
6 11 70
6 12 60
6 13 70
6 14 75
6 15 70
6 16 60
6 17 40
6 18 35
6 19 35
6 20 60
6 21 90
6 22 110
6 23 85