0 00 91
0 01 50
0 02 5
0 03 1
0 04 5
0 05 10
0 06 15
0 07 40
0 08 130
0 09 100
0 10 100
0 11 100
0 12 80
0 13 130
0 14 120
0 15 70
0 16 60
0 17 60
0 18 40
0 19 35
0 20 35
0 21 25
0 22 30
0 23 15
1 00 10
1 01 15
1 02 5
1 03 1
1 04 5
1 05 10
1 06 15
1 07 40
1 08 130
1 09 100
1 10 100
1 11 100
1 12 80
1 13 130
1 14 120
1 15 70
1 16 60
1 17 60
1 18 40
1 19 35
1 20 35
1 21 25
1 22 30
1 23 15
2 00 10
2 01 15
2 02 5
2 03 1
2 04 5
2 05 10
2 06 15
2 07 40
2 08 130
2 09 100
2 10 100
2 11 100
2 12 80
2 13 130
2 14 120
2 15 70
2 16 60
2 17 60
2 18 40
2 19 35
2 20 35
2 21 25
2 22 30
2 23 15
3 00 10
3 01 15
3 02 5
3 03 1
3 04 5
3 05 10
3 06 15
3 07 40
3 08 130
3 09 100
3 10 100
3 11 100
3 12 80
3 13 130
3 14 120
3 15 70
3 16 60
3 17 60
3 18 40
3 19 35
3 20 35
3 21 25
3 22 30
3 23 15
4 00 10
4 01 15
4 02 5
4 03 1
4 04 5
4 05 10
4 06 15
4 07 40
4 08 70
4 09 90
4 10 100
4 11 100
4 12 80
4 13 110
4 14 120
4 15 90
4 16 680
4 17 60
4 18 40
4 19 80
4 20 100
4 21 90
4 22 110
4 23 130
5 00 90
5 01 55
5 02 5
5 03 1
5 04 5
5 05 10
5 06 15
5 07 40
5 08 130
5 09 100
5 10 100
5 11 100
5 12 80
5 13 130
5 14 120
5 15 70
5 16 60
5 17 60
5 18 80
5 19 100
5 20 130
5 21 150
5 22 110
5 23 90
6 00 60
6 01 25
6 02 5
6 03 1
6 04 5
6 05 10
6 06 15
6 07 40
6 08 130
6 09 100
6 10 100
6 11 100
6 12 80
6 13 130
6 14 120
6 15 70
6 16 60
6 17 60
6 18 70
6 19 110
6 20 130
6 21 145
6 22 150
6 23 130