0 00 20
0 01 20
0 02 20
0 03 20
0 04 20
0 05 20
0 06 50
0 07 80
0 08 150
0 09 250
0 10 200
0 11 120
0 12 100
0 13 130
0 14 100
0 15 90
0 16 90
0 17 80
0 18 80
0 19 70
0 20 70
0 21 70
0 22 60
0 23 60
1 00 60
1 01 50
1 02 40
1 03 40
1 04 40
1 05 40
1 06 50
1 07 80
1 08 150
1 09 250
1 10 200
1 11 120
1 12 100
1 13 130
1 14 100
1 15 90
1 16 90
1 17 80
1 18 80
1 19 70
1 20 70
1 21 70
1 22 60
1 23 60
2 00 60
2 01 50
2 02 40
2 03 40
2 04 40
2 05 40
2 06 50
2 07 100
2 08 150
2 09 300
2 10 250
2 11 200
2 12 150
2 13 200
2 14 150
2 15 100
2 16 100
2 17 100
2 18 80
2 19 70
2 20 70
2 21 70
2 22 60
2 23 60
3 00 60
3 01 50
3 02 40
3 03 40
3 04 40
3 05 40
3 06 50
3 07 80
3 08 150
3 09 250
3 10 200
3 11 120
3 12 100
3 13 130
3 14 100
3 15 90
3 16 90
3 17 80
3 18 80
3 19 70
3 20 70
3 21 70
3 22 60
3 23 60
4 00 60
4 01 50
4 02 40
4 03 40
4 04 40
4 05 40
4 06 50
4 07 100
4 08 150
4 09 300
4 10 250
4 11 200
4 12 100
4 13 130
4 14 100
4 15 90
4 16 90
4 17 200
4 18 200
4 19 180
4 20 100
4 21 80
4 22 70
4 23 60
5 00 60
5 01 50
5 02 40
5 03 40
5 04 40
5 05 40
5 06 50
5 07 80
5 08 150
5 09 250
5 10 200
5 11 200
5 12 150
5 13 200
5 14 150
5 15 100
5 16 100
5 17 100
5 18 80
5 19 70
5 20 70
5 21 70
5 22 60
5 23 60
6 00 60
6 01 50
6 02 40
6 03 40
6 04 40
6 05 40
6 06 50
6 07 80
6 08 150
6 09 250
6 10 200
6 11 200
6 12 150
6 13 200
6 14 150
6 15 100
6 16 100
6 17 100
6 18 80
6 19 70
6 20 70
6 21 70
6 22 60
6 23 60
